{
 "cells": [
  {
   "cell_type": "code",
   "execution_count": 4,
   "metadata": {},
   "outputs": [],
   "source": [
    "import numpy as np\n",
    "import sympy as sp"
   ]
  },
  {
   "cell_type": "markdown",
   "metadata": {},
   "source": [
    "<img src='https://upload.wikimedia.org/wikipedia/commons/thumb/5/58/Eigenvalue_equation.svg/750px-Eigenvalue_equation.svg.png'>"
   ]
  },
  {
   "cell_type": "code",
   "execution_count": 5,
   "metadata": {},
   "outputs": [],
   "source": [
    "B = np.arange(25).reshape(5,5)"
   ]
  },
  {
   "cell_type": "code",
   "execution_count": 7,
   "metadata": {},
   "outputs": [],
   "source": [
    "eigval, eigvec = np.linalg.eig(B)"
   ]
  },
  {
   "cell_type": "code",
   "execution_count": 11,
   "metadata": {},
   "outputs": [
    {
     "data": {
      "text/plain": [
       "array([ 6.39116499e+01+0.00000000e+00j, -3.91164992e+00+0.00000000e+00j,\n",
       "       -3.22069971e-15+0.00000000e+00j,  2.58587115e-16+7.36422729e-16j,\n",
       "        2.58587115e-16-7.36422729e-16j])"
      ]
     },
     "execution_count": 11,
     "metadata": {},
     "output_type": "execute_result"
    }
   ],
   "source": [
    "eigval"
   ]
  },
  {
   "cell_type": "code",
   "execution_count": 12,
   "metadata": {},
   "outputs": [
    {
     "data": {
      "text/latex": [
       "$\\displaystyle \\left[\\begin{matrix}-0.0851802044442117 & 0.677798642251155 & 0.241097553402141 & 0.231527951929876 - 0.124691772032449 i & 0.231527951929876 + 0.124691772032449 i\\\\-0.23825371650214 & 0.363488728108324 & -0.540613258597661 & -0.210541310742987 - 0.102154705576812 i & -0.210541310742987 + 0.102154705576812 i\\\\-0.391327228560067 & 0.0491788139654932 & -0.025510055388677 & 0.184263276168906 + 0.402615602430115 i & 0.184263276168906 - 0.402615602430115 i\\\\-0.544400740617995 & -0.265131100177339 & 0.708469672961775 & -0.66301442782836 & -0.66301442782836\\\\-0.697474252675922 & -0.579441014320168 & -0.383443912377578 & 0.457764510472563 - 0.175769124820855 i & 0.457764510472563 + 0.175769124820855 i\\end{matrix}\\right]$"
      ],
      "text/plain": [
       "Matrix([\n",
       "[-0.0851802044442117,  0.677798642251155,  0.241097553402141,  0.231527951929876 - 0.124691772032449*I,  0.231527951929876 + 0.124691772032449*I],\n",
       "[  -0.23825371650214,  0.363488728108324, -0.540613258597661, -0.210541310742987 - 0.102154705576812*I, -0.210541310742987 + 0.102154705576812*I],\n",
       "[ -0.391327228560067, 0.0491788139654932, -0.025510055388677,  0.184263276168906 + 0.402615602430115*I,  0.184263276168906 - 0.402615602430115*I],\n",
       "[ -0.544400740617995, -0.265131100177339,  0.708469672961775,                        -0.66301442782836,                        -0.66301442782836],\n",
       "[ -0.697474252675922, -0.579441014320168, -0.383443912377578,  0.457764510472563 - 0.175769124820855*I,  0.457764510472563 + 0.175769124820855*I]])"
      ]
     },
     "execution_count": 12,
     "metadata": {},
     "output_type": "execute_result"
    }
   ],
   "source": [
    "sp.Matrix(eigvec)"
   ]
  },
  {
   "cell_type": "markdown",
   "metadata": {},
   "source": [
    "## multiplication of eigenvalues equals the determinant"
   ]
  },
  {
   "cell_type": "code",
   "execution_count": 13,
   "metadata": {},
   "outputs": [
    {
     "data": {
      "text/plain": [
       "(4.905010774696372e-43+1.9913648889155653e-59j)"
      ]
     },
     "execution_count": 13,
     "metadata": {},
     "output_type": "execute_result"
    }
   ],
   "source": [
    "np.prod(eigval)"
   ]
  },
  {
   "cell_type": "code",
   "execution_count": 15,
   "metadata": {},
   "outputs": [
    {
     "data": {
      "text/plain": [
       "0.0"
      ]
     },
     "execution_count": 15,
     "metadata": {},
     "output_type": "execute_result"
    }
   ],
   "source": [
    "np.linalg.det(B)"
   ]
  },
  {
   "cell_type": "code",
   "execution_count": 17,
   "metadata": {},
   "outputs": [],
   "source": [
    "eigval2, eigvec2 = np.linalg.eig(B * 2)"
   ]
  },
  {
   "cell_type": "code",
   "execution_count": 18,
   "metadata": {},
   "outputs": [
    {
     "data": {
      "text/plain": [
       "array([ 1.27823300e+02+0.00000000e+00j, -7.82329983e+00+0.00000000e+00j,\n",
       "       -6.44139942e-15+0.00000000e+00j,  5.17174229e-16+1.47284546e-15j,\n",
       "        5.17174229e-16-1.47284546e-15j])"
      ]
     },
     "execution_count": 18,
     "metadata": {},
     "output_type": "execute_result"
    }
   ],
   "source": [
    "eigval2"
   ]
  },
  {
   "cell_type": "code",
   "execution_count": 20,
   "metadata": {},
   "outputs": [
    {
     "data": {
      "text/plain": [
       "array([ 1.27823300e+02+0.00000000e+00j, -7.82329983e+00+0.00000000e+00j,\n",
       "       -6.44139942e-15+0.00000000e+00j,  5.17174229e-16+1.47284546e-15j,\n",
       "        5.17174229e-16-1.47284546e-15j])"
      ]
     },
     "execution_count": 20,
     "metadata": {},
     "output_type": "execute_result"
    }
   ],
   "source": [
    "eigval * 2"
   ]
  },
  {
   "cell_type": "markdown",
   "metadata": {},
   "source": [
    "## $A = USV^T$"
   ]
  },
  {
   "cell_type": "code",
   "execution_count": 21,
   "metadata": {},
   "outputs": [],
   "source": [
    "A = B.copy()"
   ]
  },
  {
   "cell_type": "code",
   "execution_count": 39,
   "metadata": {},
   "outputs": [],
   "source": [
    "sigma1, v = np.linalg.eig(A.T@A)"
   ]
  },
  {
   "cell_type": "code",
   "execution_count": 40,
   "metadata": {},
   "outputs": [
    {
     "data": {
      "text/latex": [
       "$\\displaystyle \\left[\\begin{matrix}-0.39024378383877 & -0.669111193431407 & -0.632455532033667 & -0.547170528442977 & 0.332527805825227\\\\-0.417873543306904 & -0.354092786998172 & 0.632455532033681 & 0.402151674967912 & -0.0534318404368215\\\\-0.445503302775037 & -0.0390743805649295 & 0.316227766016827 & 0.640825626693196 & -0.260328728570996\\\\-0.47313306224317 & 0.275944025868273 & 1.61910600334024 \\cdot 10^{-14} & -0.299424164518183 & -0.649158244848487\\\\-0.500762821711303 & 0.590962432301532 & -0.316227766016856 & -0.196382608699947 & 0.630391008031075\\end{matrix}\\right]$"
      ],
      "text/plain": [
       "Matrix([\n",
       "[ -0.39024378383877,  -0.669111193431407,   -0.632455532033667, -0.547170528442977,   0.332527805825227],\n",
       "[-0.417873543306904,  -0.354092786998172,    0.632455532033681,  0.402151674967912, -0.0534318404368215],\n",
       "[-0.445503302775037, -0.0390743805649295,    0.316227766016827,  0.640825626693196,  -0.260328728570996],\n",
       "[ -0.47313306224317,   0.275944025868273, 1.61910600334024e-14, -0.299424164518183,  -0.649158244848487],\n",
       "[-0.500762821711303,   0.590962432301532,   -0.316227766016856, -0.196382608699947,   0.630391008031075]])"
      ]
     },
     "execution_count": 40,
     "metadata": {},
     "output_type": "execute_result"
    }
   ],
   "source": [
    "sp.Matrix(v)"
   ]
  },
  {
   "cell_type": "code",
   "execution_count": 41,
   "metadata": {},
   "outputs": [],
   "source": [
    "sigma2, v1 = np.linalg.eig(A@A.T)"
   ]
  },
  {
   "cell_type": "code",
   "execution_count": 42,
   "metadata": {},
   "outputs": [
    {
     "data": {
      "text/latex": [
       "$\\displaystyle \\left[\\begin{matrix}-0.0676788124127592 & -0.771634355346103 & -0.632455532033674 & -0.529609021408192 & -0.586470199500882\\\\-0.226995170029086 & -0.498470854497501 & 0.632455532033679 & 0.324514475448184 & 0.396377910641437\\\\-0.386311527645414 & -0.225307353648892 & 0.316227766016838 & 0.37569436370224 & 0.489418015474921\\\\-0.545627885261741 & 0.0478561471997163 & -2.59421450309763 \\cdot 10^{-15} & 0.393503931883723 & 0.177911035129372\\\\-0.704944242878068 & 0.32101964804832 & -0.316227766016837 & -0.564103749625958 & -0.477236761744849\\end{matrix}\\right]$"
      ],
      "text/plain": [
       "Matrix([\n",
       "[-0.0676788124127592, -0.771634355346103,    -0.632455532033674, -0.529609021408192, -0.586470199500882],\n",
       "[ -0.226995170029086, -0.498470854497501,     0.632455532033679,  0.324514475448184,  0.396377910641437],\n",
       "[ -0.386311527645414, -0.225307353648892,     0.316227766016838,   0.37569436370224,  0.489418015474921],\n",
       "[ -0.545627885261741, 0.0478561471997163, -2.59421450309763e-15,  0.393503931883723,  0.177911035129372],\n",
       "[ -0.704944242878068,   0.32101964804832,    -0.316227766016837, -0.564103749625958, -0.477236761744849]])"
      ]
     },
     "execution_count": 42,
     "metadata": {},
     "output_type": "execute_result"
    }
   ],
   "source": [
    "sp.Matrix(v1)"
   ]
  },
  {
   "cell_type": "code",
   "execution_count": 43,
   "metadata": {},
   "outputs": [],
   "source": [
    "u, s, vt = np.linalg.svd(A)"
   ]
  },
  {
   "cell_type": "code",
   "execution_count": 44,
   "metadata": {},
   "outputs": [
    {
     "data": {
      "text/latex": [
       "$\\displaystyle \\left[\\begin{matrix}-0.067678812412759 & -0.771634355346103 & 0.484260998257148 & -0.403633984232488 & 0.0507039676909056\\\\-0.226995170029086 & -0.498470854497499 & -0.399729761643295 & 0.569748511875296 & 0.464330432851951\\\\-0.386311527645413 & -0.225307353648892 & -0.099917329738488 & 0.269213542697828 & -0.8470776798181\\\\-0.545627885261741 & 0.0478561471997144 & -0.538020048621724 & -0.633136684091597 & 0.0983481903167243\\\\-0.704944242878068 & 0.321019648048321 & 0.553406141746361 & 0.19780861375096 & 0.233695088958519\\end{matrix}\\right]$"
      ],
      "text/plain": [
       "Matrix([\n",
       "[-0.067678812412759, -0.771634355346103,  0.484260998257148, -0.403633984232488, 0.0507039676909056],\n",
       "[-0.226995170029086, -0.498470854497499, -0.399729761643295,  0.569748511875296,  0.464330432851951],\n",
       "[-0.386311527645413, -0.225307353648892, -0.099917329738488,  0.269213542697828,   -0.8470776798181],\n",
       "[-0.545627885261741, 0.0478561471997144, -0.538020048621724, -0.633136684091597, 0.0983481903167243],\n",
       "[-0.704944242878068,  0.321019648048321,  0.553406141746361,   0.19780861375096,  0.233695088958519]])"
      ]
     },
     "execution_count": 44,
     "metadata": {},
     "output_type": "execute_result"
    }
   ],
   "source": [
    "sp.Matrix(u) # eigenvectors of AAT"
   ]
  },
  {
   "cell_type": "code",
   "execution_count": 45,
   "metadata": {},
   "outputs": [
    {
     "data": {
      "text/latex": [
       "$\\displaystyle \\left[\\begin{matrix}-0.39024378383877 & -0.417873543306903 & -0.445503302775037 & -0.47313306224317 & -0.500762821711303\\\\0.669111193431405 & 0.354092786998173 & 0.0390743805649402 & -0.275944025868291 & -0.590962432301524\\\\0.0421562707582297 & -0.292255537998404 & 0.674570360444015 & -0.640999189925734 & 0.216528096721894\\\\-0.630999186596368 & 0.620412393515566 & 0.356156058607006 & -0.0495525513752345 & -0.296016714150968\\\\0.00792939786366179 & 0.47924436614482 & -0.467020011057293 & -0.53541066777452 & 0.515256914823331\\end{matrix}\\right]$"
      ],
      "text/plain": [
       "Matrix([\n",
       "[  -0.39024378383877, -0.417873543306903, -0.445503302775037,   -0.47313306224317, -0.500762821711303],\n",
       "[  0.669111193431405,  0.354092786998173, 0.0390743805649402,  -0.275944025868291, -0.590962432301524],\n",
       "[ 0.0421562707582297, -0.292255537998404,  0.674570360444015,  -0.640999189925734,  0.216528096721894],\n",
       "[ -0.630999186596368,  0.620412393515566,  0.356156058607006, -0.0495525513752345, -0.296016714150968],\n",
       "[0.00792939786366179,   0.47924436614482, -0.467020011057293,   -0.53541066777452,  0.515256914823331]])"
      ]
     },
     "execution_count": 45,
     "metadata": {},
     "output_type": "execute_result"
    }
   ],
   "source": [
    "sp.Matrix(vt) # eigenvectors of ATA"
   ]
  },
  {
   "cell_type": "markdown",
   "metadata": {},
   "source": [
    "## $\\Lambda$"
   ]
  },
  {
   "cell_type": "code",
   "execution_count": 50,
   "metadata": {},
   "outputs": [
    {
     "data": {
      "text/plain": [
       "array([6.99085940e+01+0.00000000e+00j, 3.57609824e+00+0.00000000e+00j,\n",
       "       2.71457824e-07+0.00000000e+00j, 3.06724707e-07+0.00000000e+00j,\n",
       "       0.00000000e+00+1.70674452e-07j])"
      ]
     },
     "execution_count": 50,
     "metadata": {},
     "output_type": "execute_result"
    }
   ],
   "source": [
    "np.sqrt(sigma1.astype(np.complex128))"
   ]
  },
  {
   "cell_type": "code",
   "execution_count": 51,
   "metadata": {},
   "outputs": [
    {
     "data": {
      "text/plain": [
       "array([6.99085940e+01+0.00000000e+00j, 3.57609824e+00+0.00000000e+00j,\n",
       "       0.00000000e+00+2.06378473e-07j, 1.87352718e-07+0.00000000e+00j,\n",
       "       2.95459002e-08+0.00000000e+00j])"
      ]
     },
     "execution_count": 51,
     "metadata": {},
     "output_type": "execute_result"
    }
   ],
   "source": [
    "np.sqrt(sigma2.astype(np.complex128))"
   ]
  },
  {
   "cell_type": "code",
   "execution_count": 33,
   "metadata": {},
   "outputs": [
    {
     "data": {
      "text/plain": [
       "array([6.99085940e+01, 3.57609824e+00, 2.75054272e-15, 1.17184055e-15,\n",
       "       5.64586018e-17])"
      ]
     },
     "execution_count": 33,
     "metadata": {},
     "output_type": "execute_result"
    }
   ],
   "source": [
    "s"
   ]
  },
  {
   "cell_type": "code",
   "execution_count": 52,
   "metadata": {},
   "outputs": [
    {
     "data": {
      "text/plain": [
       "1.2382275114099835e+18"
      ]
     },
     "execution_count": 52,
     "metadata": {},
     "output_type": "execute_result"
    }
   ],
   "source": [
    "np.linalg.cond(A)"
   ]
  },
  {
   "cell_type": "markdown",
   "metadata": {},
   "source": [
    "## Column space: Since A is rank k, the ﬁrst k left singular vectors,(the columns of U), provide an orthonormal basis for the column space of A.\n",
    "\n",
    "## Row space: Similarly, the ﬁrst k right singular vectors (the columns of V , or the rows of V Transpose), provide an orthonormal basis for the row space of A.\n",
    "\n",
    "## Null space: The last right singular vectors(the last columns of V , or the last rows of V Transpose), provide an orthonormal basis for the null space of A."
   ]
  },
  {
   "cell_type": "code",
   "execution_count": 56,
   "metadata": {},
   "outputs": [
    {
     "data": {
      "text/plain": [
       "2"
      ]
     },
     "execution_count": 56,
     "metadata": {},
     "output_type": "execute_result"
    }
   ],
   "source": [
    "np.linalg.matrix_rank(A)"
   ]
  },
  {
   "cell_type": "code",
   "execution_count": 53,
   "metadata": {},
   "outputs": [
    {
     "data": {
      "text/latex": [
       "$\\displaystyle \\left[\\begin{matrix}-0.067678812412759 & -0.771634355346103 & 0.484260998257148 & -0.403633984232488 & 0.0507039676909056\\\\-0.226995170029086 & -0.498470854497499 & -0.399729761643295 & 0.569748511875296 & 0.464330432851951\\\\-0.386311527645413 & -0.225307353648892 & -0.099917329738488 & 0.269213542697828 & -0.8470776798181\\\\-0.545627885261741 & 0.0478561471997144 & -0.538020048621724 & -0.633136684091597 & 0.0983481903167243\\\\-0.704944242878068 & 0.321019648048321 & 0.553406141746361 & 0.19780861375096 & 0.233695088958519\\end{matrix}\\right]$"
      ],
      "text/plain": [
       "Matrix([\n",
       "[-0.067678812412759, -0.771634355346103,  0.484260998257148, -0.403633984232488, 0.0507039676909056],\n",
       "[-0.226995170029086, -0.498470854497499, -0.399729761643295,  0.569748511875296,  0.464330432851951],\n",
       "[-0.386311527645413, -0.225307353648892, -0.099917329738488,  0.269213542697828,   -0.8470776798181],\n",
       "[-0.545627885261741, 0.0478561471997144, -0.538020048621724, -0.633136684091597, 0.0983481903167243],\n",
       "[-0.704944242878068,  0.321019648048321,  0.553406141746361,   0.19780861375096,  0.233695088958519]])"
      ]
     },
     "execution_count": 53,
     "metadata": {},
     "output_type": "execute_result"
    }
   ],
   "source": [
    "sp.Matrix(u)"
   ]
  },
  {
   "cell_type": "code",
   "execution_count": 57,
   "metadata": {},
   "outputs": [
    {
     "data": {
      "text/latex": [
       "$\\displaystyle \\left[\\begin{matrix}-0.39024378383877 & -0.669111193431407 & -0.632455532033667 & -0.547170528442977 & 0.332527805825227\\\\-0.417873543306904 & -0.354092786998172 & 0.632455532033681 & 0.402151674967912 & -0.0534318404368215\\\\-0.445503302775037 & -0.0390743805649295 & 0.316227766016827 & 0.640825626693196 & -0.260328728570996\\\\-0.47313306224317 & 0.275944025868273 & 1.61910600334024 \\cdot 10^{-14} & -0.299424164518183 & -0.649158244848487\\\\-0.500762821711303 & 0.590962432301532 & -0.316227766016856 & -0.196382608699947 & 0.630391008031075\\end{matrix}\\right]$"
      ],
      "text/plain": [
       "Matrix([\n",
       "[ -0.39024378383877,  -0.669111193431407,   -0.632455532033667, -0.547170528442977,   0.332527805825227],\n",
       "[-0.417873543306904,  -0.354092786998172,    0.632455532033681,  0.402151674967912, -0.0534318404368215],\n",
       "[-0.445503302775037, -0.0390743805649295,    0.316227766016827,  0.640825626693196,  -0.260328728570996],\n",
       "[ -0.47313306224317,   0.275944025868273, 1.61910600334024e-14, -0.299424164518183,  -0.649158244848487],\n",
       "[-0.500762821711303,   0.590962432301532,   -0.316227766016856, -0.196382608699947,   0.630391008031075]])"
      ]
     },
     "execution_count": 57,
     "metadata": {},
     "output_type": "execute_result"
    }
   ],
   "source": [
    "sp.Matrix(v)"
   ]
  },
  {
   "cell_type": "markdown",
   "metadata": {},
   "source": [
    "## Pseudo inverse"
   ]
  },
  {
   "cell_type": "code",
   "execution_count": 60,
   "metadata": {},
   "outputs": [],
   "source": [
    "# np.linalg.inv(B) #  Singular matrix"
   ]
  },
  {
   "cell_type": "markdown",
   "metadata": {},
   "source": [
    "## $\\displaystyle \\left[\\begin{matrix}0 & 1 & 2 & 3 & 4\\\\5 & 6 & 7 & 8 & 9\\\\10 & 11 & 12 & 13 & 14\\\\15 & 16 & 17 & 18 & 19\\\\20 & 21 & 22 & 23 & 24\\end{matrix}\\right]\\left[\\begin{matrix}x_1\\\\ x_2\\\\x_3\\\\x_4\\\\x_5\\end{matrix}\\right] = \\left[\\begin{matrix}1\\\\ 2\\\\3\\\\4\\\\5\\end{matrix}\\right]$"
   ]
  },
  {
   "cell_type": "code",
   "execution_count": 68,
   "metadata": {},
   "outputs": [],
   "source": [
    "pinvb = np.linalg.pinv(B)"
   ]
  },
  {
   "cell_type": "code",
   "execution_count": 69,
   "metadata": {},
   "outputs": [
    {
     "data": {
      "text/latex": [
       "$\\displaystyle \\left[\\begin{matrix}-0.144 & -0.0920000000000002 & -0.0400000000000001 & 0.012 & 0.0640000000000001\\\\-0.076 & -0.0480000000000001 & -0.0200000000000001 & 0.00800000000000002 & 0.0360000000000001\\\\-0.00799999999999991 & -0.00399999999999995 & 1.90274969969361 \\cdot 10^{-17} & 0.004 & 0.00799999999999997\\\\0.0599999999999999 & 0.04 & 0.02 & -1.06763587214137 \\cdot 10^{-17} & -0.02\\\\0.128 & 0.0840000000000003 & 0.0400000000000001 & -0.00400000000000004 & -0.0480000000000001\\end{matrix}\\right]$"
      ],
      "text/plain": [
       "Matrix([\n",
       "[              -0.144,  -0.0920000000000002,  -0.0400000000000001,                 0.012,  0.0640000000000001],\n",
       "[              -0.076,  -0.0480000000000001,  -0.0200000000000001,   0.00800000000000002,  0.0360000000000001],\n",
       "[-0.00799999999999991, -0.00399999999999995, 1.90274969969361e-17,                 0.004, 0.00799999999999997],\n",
       "[  0.0599999999999999,                 0.04,                 0.02, -1.06763587214137e-17,               -0.02],\n",
       "[               0.128,   0.0840000000000003,   0.0400000000000001,  -0.00400000000000004, -0.0480000000000001]])"
      ]
     },
     "execution_count": 69,
     "metadata": {},
     "output_type": "execute_result"
    }
   ],
   "source": [
    "sp.Matrix(pinvb)"
   ]
  },
  {
   "cell_type": "code",
   "execution_count": 66,
   "metadata": {},
   "outputs": [],
   "source": [
    "l = np.arange(1,6).reshape(5, 1)"
   ]
  },
  {
   "cell_type": "code",
   "execution_count": 70,
   "metadata": {},
   "outputs": [
    {
     "data": {
      "text/plain": [
       "array([[-0.08],\n",
       "       [-0.02],\n",
       "       [ 0.04],\n",
       "       [ 0.1 ],\n",
       "       [ 0.16]])"
      ]
     },
     "execution_count": 70,
     "metadata": {},
     "output_type": "execute_result"
    }
   ],
   "source": [
    "pinvb @ l"
   ]
  }
 ],
 "metadata": {
  "kernelspec": {
   "display_name": "Python 3",
   "language": "python",
   "name": "python3"
  },
  "language_info": {
   "codemirror_mode": {
    "name": "ipython",
    "version": 3
   },
   "file_extension": ".py",
   "mimetype": "text/x-python",
   "name": "python",
   "nbconvert_exporter": "python",
   "pygments_lexer": "ipython3",
   "version": "3.7.0"
  }
 },
 "nbformat": 4,
 "nbformat_minor": 2
}
